$ pipenv run python3 main.py
data:
   kokugo  shakai  sugaku   rika  ongaku  bijutu  taiiku  gika  eigo
0    30.0    43.0    51.0   63.0    60.0    66.0    37.0  44.0  20.0
1    39.0    21.0    49.0   56.0    70.0    72.0    56.0  63.0  16.0
2    29.0    30.0    23.0   57.0    69.0    76.0    33.0  54.0   6.0
3    95.0    87.0    77.0  100.0    77.0    82.0    78.0  96.0  87.0
4    70.0    71.0    78.0   67.0    72.0    82.0    46.0  63.0  44.0
eigenvector:
       kokugo    shakai    sugaku  ...    taiiku      gika      eigo
PC1 -0.362639 -0.368570 -0.356895  ... -0.139248 -0.316726 -0.356949
PC2 -0.149422  0.147029  0.181437  ... -0.859298  0.148958  0.046610
PC3  0.073623 -0.061551 -0.399680  ... -0.080264  0.783869 -0.317273
PC4 -0.236443 -0.106524  0.029476  ... -0.284248 -0.293357 -0.354812
PC5 -0.301468 -0.086651 -0.061124  ...  0.268566  0.189814 -0.338372
PC6 -0.494063 -0.572745  0.408150  ...  0.106634  0.286649  0.360888
PC7  0.619991 -0.516987  0.408898  ... -0.127556  0.041500 -0.319615
PC8 -0.109703  0.234943  0.446183  ...  0.234850 -0.061830 -0.524902
PC9  0.231160 -0.411562 -0.377484  ... -0.007348 -0.230749  0.146459

[9 rows x 9 columns]
states:
     eigenvalue  contribution  contribution_sum
PC1    6.006431      0.667381          0.667381
PC2    1.098185      0.122021          0.789402
PC3    0.490842      0.054538          0.843940
PC4    0.406976      0.045220          0.889159
PC5    0.300260      0.033362          0.922522
PC6    0.221459      0.024607          0.947128
PC7    0.182787      0.020310          0.967438
PC8    0.171195      0.019022          0.986460
PC9    0.121864      0.013540          1.000000
